week3/kandiregiongridmap.asc
ncols 592
nrows 516
xllcorner 69.8466796875
yllcorner 28.79131261667021
cellsize 0.00439453125
nodata_value -2147483648
[rows 93 to 123 of 516, columns 355 to 425 of 592]
137.25 138.13 138.56 137.65 137.08 138.55 139.09 137.99 137.80 138.05 138.92 138.45 136.81 135.97 135.94 135.22 137.30 136.99 137.10 138.12 137.89 136.43 137.07 137.70 136.52 137.42 136.61 136.41 137.46 136.32 136.32 136.76 136.58 138.25 137.29 136.32 137.07 139.28 139.37 138.88 138.64 138.29 140.88 140.67 138.83 141.83 141.34 138.69 137.98 137.11 137.53 135.66 137.73 138.60 139.97 136.87 133.77 132.06 132.14 133.20 133.44 133.62 133.30 133.23 134.09 133.44 133.14 132.19 131.41 131.34 132.87
135.97 138.24 138.50 137.88 137.64 137.98 138.21 138.41 137.73 137.35 138.26 138.23 137.27 136.60 136.59 135.41 135.72 137.03 137.11 138.07 137.26 136.93 137.60 138.27 136.99 136.38 136.08 136.72 138.34 136.65 136.74 138.02 137.07 137.23 138.09 136.41 137.06 138.19 139.73 139.47 140.47 138.49 137.59 139.24 138.75 140.07 144.85 142.25 136.46 133.40 132.50 132.02 132.27 134.69 134.31 132.19 131.66 132.59 132.72 133.23 133.34 132.93 133.02 132.62 132.74 132.62 132.48 132.15 131.60 130.83 132.86
135.43 137.65 137.83 137.58 138.17 137.52 137.23 137.79 137.12 136.89 136.75 137.80 137.19 137.06 137.09 137.21 136.56 136.99 136.45 137.05 138.08 137.87 136.87 136.86 137.11 136.06 136.54 137.25 138.25 136.61 136.59 139.01 137.74 138.64 138.12 137.61 136.92 136.29 137.25 138.39 140.50 139.48 138.24 138.22 138.82 137.52 141.71 139.93 133.81 131.82 131.16 131.88 131.84 132.09 132.66 132.40 132.60 132.45 132.04 132.88 133.24 132.30 132.75 132.42 131.78 131.87 131.93 131.53 131.54 131.52 132.39
136.10 136.54 137.78 136.59 138.14 137.87 137.52 137.18 136.56 136.81 136.54 137.19 137.13 136.44 136.91 137.59 137.10 137.00 136.48 136.65 138.90 138.77 136.44 136.12 137.38 137.17 137.09 137.47 138.84 136.82 136.06 138.80 136.49 137.79 137.41 137.53 138.15 137.13 138.15 138.29 139.51 139.30 139.36 139.52 138.75 137.95 136.53 133.60 130.86 131.72 132.63 133.19 132.62 132.52 132.43 132.52 132.43 131.60 131.30 133.24 132.48 132.15 132.21 131.50 131.79 132.08 131.60 130.97 130.86 131.43 131.89
135.96 136.19 137.89 136.68 137.39 137.11 136.41 136.68 136.42 136.07 136.90 136.99 136.96 137.32 137.02 136.93 137.00 137.02 137.12 137.36 139.36 137.57 135.47 136.11 136.76 137.68 137.79 136.95 137.10 137.56 136.02 137.93 138.82 136.81 138.07 138.37 139.13 138.11 138.61 140.02 141.84 139.65 138.40 139.99 138.82 140.35 136.34 131.55 130.84 132.36 133.70 133.52 132.41 132.38 131.20 131.23 131.32 131.97 131.97 132.72 132.17 132.01 131.32 131.21 131.92 132.07 131.78 131.09 131.00 130.86 131.91
136.06 137.08 137.94 136.91 137.07 136.62 135.85 136.13 136.13 135.99 136.08 136.81 136.99 137.25 137.91 137.09 137.00 136.10 135.41 136.48 138.60 138.39 136.58 135.19 136.03 136.14 137.38 137.92 136.25 136.20 137.43 137.89 139.40 140.40 137.06 137.45 139.17 138.72 137.25 138.53 139.20 140.56 138.50 139.61 139.58 139.09 136.51 131.79 131.47 132.91 133.24 133.07 132.04 132.01 130.93 131.03 132.05 132.65 131.23 131.99 131.98 132.04 132.01 131.46 131.16 131.24 131.24 131.87 131.07 131.73 132.00
136.00 136.17 137.37 137.56 135.92 136.08 136.01 135.45 135.63 135.41 135.66 136.85 137.16 136.15 136.21 136.09 137.06 136.89 134.82 136.37 139.81 141.32 137.40 136.80 136.94 136.83 136.76 138.41 137.85 135.25 136.66 137.26 135.26 139.18 139.61 137.78 137.20 137.15 137.07 136.78 136.49 139.82 141.04 138.00 137.11 138.66 135.89 132.34 131.21 131.95 133.02 132.27 131.20 131.11 131.00 131.01 131.14 131.43 132.03 132.08 132.09 131.57 130.93 131.59 131.41 130.33 130.07 130.16 130.85 132.01 132.03
136.07 137.00 137.02 137.12 136.64 135.89 136.56 135.98 135.54 135.41 134.96 135.89 136.06 136.86 136.03 135.92 136.08 136.15 136.83 135.95 136.61 138.52 137.41 135.84 136.45 137.53 138.62 137.87 136.26 136.56 136.94 136.97 136.79 136.97 140.99 138.77 136.86 137.71 136.20 137.57 135.99 137.88 139.92 138.62 136.21 136.80 136.67 133.17 130.29 130.82 132.02 131.18 130.11 131.03 131.00 131.04 130.85 130.17 131.17 131.05 131.43 132.02 131.91 132.08 131.45 130.22 129.90 129.87 130.87 131.04 131.96
135.97 136.32 136.86 136.09 136.13 135.66 135.07 135.07 135.09 135.12 134.31 134.78 135.81 136.88 136.83 137.79 136.01 135.06 136.24 136.14 136.91 137.27 138.34 137.93 135.54 135.51 137.76 139.65 137.64 137.55 137.96 137.96 137.06 137.69 139.10 141.57 139.73 138.96 138.02 139.06 137.76 136.56 137.69 139.82 137.28 136.09 134.99 132.54 130.97 130.79 132.72 131.10 129.16 130.12 130.92 130.12 131.05 130.81 130.97 130.96 131.38 132.13 131.55 131.03 131.03 130.86 131.61 131.11 131.05 131.00 131.05
136.02 136.66 136.15 136.54 135.98 135.69 134.55 134.55 135.57 135.36 134.86 134.72 135.55 136.17 136.17 137.13 135.88 135.11 136.90 136.81 137.09 137.45 137.84 139.68 137.75 136.15 136.47 138.12 137.74 137.06 138.66 138.18 136.12 137.28 137.09 138.53 140.71 140.22 138.86 140.35 139.62 137.22 135.45 135.29 135.05 134.63 132.30 130.33 130.28 129.94 131.04 130.28 129.67 129.96 130.24 130.14 130.79 130.39 131.42 132.06 131.91 132.13 131.04 129.88 130.65 131.04 131.16 131.75 131.86 131.02 130.13
136.01 136.15 136.12 136.27 135.86 135.36 135.30 135.39 135.62 135.42 135.09 134.55 134.14 135.35 135.82 135.90 135.11 135.99 136.97 135.92 135.97 136.54 137.51 138.66 138.58 137.03 136.35 137.78 138.02 136.70 138.65 138.95 136.34 137.64 137.33 137.28 137.12 135.67 134.21 133.60 134.08 134.88 132.48 130.37 130.80 130.53 130.19 129.98 130.74 129.32 130.03 131.04 129.36 130.01 130.93 130.90 130.37 131.13 132.31 132.65 132.06 132.14 130.93 129.99 130.82 131.17 130.88 131.00 131.11 130.01 129.93
135.98 136.12 137.23 136.75 136.01 135.37 135.55 135.41 135.66 135.44 134.77 134.72 134.03 134.34 134.83 135.08 135.02 135.95 137.02 134.64 135.19 136.20 137.50 137.46 138.30 137.38 136.79 137.60 136.68 135.94 138.24 140.30 138.56 137.17 137.35 135.80 133.06 130.43 128.99 128.40 128.75 129.57 129.49 129.93 130.69 130.46 130.83 131.20 131.33 130.46 130.72 132.10 129.95 130.01 130.86 130.77 130.71 130.99 131.77 131.90 131.87 131.36 130.18 130.24 130.68 130.73 130.06 129.78 129.82 128.98 129.89
135.94 136.24 137.82 136.92 136.78 136.35 135.41 134.90 135.38 135.44 134.45 134.17 133.93 134.54 133.99 134.78 134.82 134.91 138.33 135.71 134.68 135.20 136.28 136.65 137.08 137.03 136.26 137.19 137.75 137.27 137.71 137.51 140.07 135.60 133.49 130.75 129.85 129.01 129.22 130.20 130.12 130.14 129.74 128.89 129.94 131.61 131.94 131.88 131.90 132.00 131.35 131.70 130.05 130.00 130.00 130.20 130.00 130.00 130.25 131.18 130.39 129.06 128.74 128.78 128.77 128.78 128.92 129.16 129.19 129.20 130.01
135.95 136.13 137.05 136.77 135.57 134.92 134.95 135.05 134.29 135.35 135.44 135.09 134.55 133.10 133.93 133.93 133.94 134.03 138.72 139.34 133.99 135.32 136.13 136.60 138.41 137.32 135.82 137.64 140.49 139.09 137.05 135.99 138.24 131.91 130.83 129.76 130.04 130.25 130.35 131.11 131.07 131.10 130.80 129.57 129.17 130.23 130.78 130.81 130.64 130.37 131.54 129.96 130.00 129.98 130.03 130.86 129.92 129.84 130.19 130.33 128.29 127.08 128.07 128.08 128.08 127.85 128.66 129.77 129.94 129.75 129.66
135.94 135.87 136.75 136.88 136.17 135.68 135.00 135.21 135.22 135.81 135.48 134.94 136.08 134.55 133.78 133.98 133.77 134.21 134.77 136.40 135.96 135.30 136.67 136.21 138.16 138.83 136.93 136.65 136.98 138.58 136.40 136.93 134.00 130.80 130.83 128.92 129.87 130.96 131.12 131.18 130.98 130.99 131.13 130.32 128.29 128.13 129.20 129.73 129.27 128.01 128.75 129.93 130.00 130.20 130.21 130.11 129.87 129.22 129.31 127.15 127.03 127.73 128.79 129.48 129.59 128.83 129.05 128.93 128.73 128.05 127.97
135.95 135.15 135.08 136.59 136.60 135.65 135.61 136.20 135.88 135.87 136.18 135.17 136.16 135.94 133.69 134.29 133.56 135.39 134.65 135.02 136.00 134.87 135.43 136.65 136.18 137.88 137.39 135.70 135.66 136.35 136.35 135.92 134.21 131.00 129.90 128.65 129.27 130.01 131.19 131.68 130.99 131.06 130.94 130.45 129.24 128.46 128.42 128.70 129.64 129.37 129.99 130.34 130.03 131.13 130.77 130.72 130.03 129.97 128.44 127.11 128.52 129.28 129.72 130.58 130.85 131.22 130.62 130.09 128.60 129.21 129.63
135.90 135.45 135.01 135.52 136.11 136.10 135.80 135.52 135.48 135.82 135.77 135.05 135.88 136.74 134.73 134.95 134.51 136.03 134.24 134.73 135.05 134.73 135.07 135.43 135.74 136.49 137.53 135.80 136.13 136.35 137.51 138.02 135.11 133.06 130.65 128.37 130.12 130.66 131.19 130.94 130.52 130.51 130.26 130.21 130.23 130.35 130.32 129.61 128.85 130.30 130.11 130.71 129.59 130.58 130.03 130.01 129.58 129.26 127.24 127.00 128.78 129.56 129.89 129.83 129.97 130.37 130.90 131.69 130.63 130.81 131.46
136.70 135.45 135.15 135.96 135.39 135.62 135.86 135.11 135.21 136.12 135.39 134.84 135.35 136.03 134.57 135.71 134.81 136.02 135.73 137.03 133.91 133.52 134.44 134.83 135.44 136.00 137.48 136.92 135.85 136.97 135.92 138.78 140.78 134.48 129.66 129.05 130.26 130.06 129.94 130.42 130.20 130.63 130.22 130.06 130.55 130.66 130.37 130.19 129.55 130.50 129.61 129.48 128.97 130.09 129.46 129.33 129.01 128.51 125.94 127.30 128.79 129.28 129.24 129.14 129.79 129.92 130.86 131.04 130.96 132.06 132.16
135.85 135.36 135.17 135.82 135.09 135.82 136.05 135.93 134.85 134.54 134.82 135.38 135.85 136.05 135.10 134.73 137.15 135.96 135.73 138.11 135.55 133.50 134.87 135.08 135.12 135.19 136.09 138.18 136.66 135.88 134.44 135.68 140.97 139.58 130.71 128.58 128.75 128.51 129.89 130.01 129.57 130.81 130.91 130.64 130.68 129.93 128.90 129.10 130.01 129.66 129.12 129.07 129.09 129.43 129.00 129.72 128.92 127.91 125.22 126.45 128.52 129.06 128.94 129.35 129.90 129.98 130.29 130.90 131.07 131.52 131.46
134.85 134.94 135.20 135.80 134.99 135.74 136.11 135.76 134.83 134.28 135.17 135.98 136.67 136.09 135.09 134.37 138.24 135.98 134.26 136.03 136.76 134.29 134.48 134.61 136.16 135.97 134.56 136.87 135.66 134.65 136.23 134.78 136.12 139.73 137.05 130.98 128.34 128.02 128.98 129.10 129.58 129.96 131.04 130.59 129.93 128.97 128.41 129.31 129.65 128.55 128.42 128.44 128.43 128.95 129.07 129.08 128.96 126.84 124.76 126.25 128.56 129.07 128.97 129.20 129.86 130.05 129.88 130.92 130.53 130.36 130.97
134.94 135.01 135.19 136.01 135.30 135.02 135.76 135.76 135.53 135.64 136.02 135.57 135.84 136.58 135.10 135.02 136.90 135.36 134.96 135.04 137.08 135.63 133.54 133.58 136.04 136.74 135.30 135.39 135.58 135.26 135.38 136.68 135.37 136.03 136.76 134.29 128.66 127.81 127.66 127.56 129.06 129.26 129.74 129.31 129.39 129.93 129.94 129.21 128.54 128.01 127.91 127.91 127.89 129.05 128.39 126.73 127.80 126.10 125.57 126.64 128.50 129.06 128.95 129.25 129.43 129.86 130.00 130.41 130.00 129.90 130.40
135.50 134.41 135.09 135.62 136.02 135.27 135.05 135.81 136.19 135.69 135.91 135.18 134.65 136.93 135.73 135.02 135.19 136.06 136.78 136.15 136.72 137.22 133.67 132.71 134.44 133.33 133.32 133.76 133.26 132.81 132.86 135.73 135.10 134.76 133.49 135.76 132.76 130.01 128.35 127.47 127.97 128.78 129.51 129.22 129.17 130.32 129.60 128.11 126.89 127.25 127.94 127.99 128.00 128.38 127.23 126.33 126.18 125.75 125.68 127.24 128.87 129.01 129.24 130.37 129.54 129.16 129.87 129.97 129.47 129.96 129.95
136.02 134.53 135.00 135.00 135.39 135.53 135.61 135.76 136.09 135.27 135.21 135.10 134.90 136.24 135.51 136.28 136.24 136.53 135.76 135.82 135.40 135.88 133.83 132.15 130.62 128.68 128.91 129.49 127.99 127.02 131.17 134.76 134.01 133.71 134.65 136.11 135.94 134.62 131.05 128.66 129.12 128.80 129.56 129.30 128.59 128.14 126.89 127.62 127.35 126.85 127.87 127.99 128.00 126.59 126.27 127.06 126.43 125.95 126.71 128.76 129.05 129.56 130.27 129.96 129.28 128.87 129.21 129.94 129.63 129.31 130.53
135.30 135.86 135.76 135.56 134.81 135.35 136.22 135.64 135.14 135.62 135.21 135.02 134.35 134.37 134.90 136.29 139.49 137.34 133.97 134.23 135.01 134.50 132.72 130.42 127.55 126.97 127.03 127.00 126.94 126.35 128.18 132.68 134.19 132.98 133.55 134.57 135.07 135.22 130.36 128.34 129.39 129.04 128.80 127.07 126.35 127.90 128.20 128.57 128.88 128.54 128.69 128.75 127.95 128.10 127.34 126.87 127.13 128.37 128.95 129.96 129.40 129.58 129.87 128.95 128.89 129.54 129.79 129.33 129.32 128.94 129.48
134.89 135.24 136.15 136.06 136.00 135.14 134.91 136.10 135.80 136.06 135.38 134.99 134.98 134.06 133.23 134.15 136.75 137.31 134.73 134.05 135.16 134.96 132.97 128.59 126.22 127.47 127.98 127.27 126.79 127.64 127.14 127.40 129.52 132.25 133.12 133.34 133.57 131.25 127.12 128.02 128.34 128.86 127.34 126.13 127.59 129.63 129.43 129.01 128.97 128.97 129.85 129.89 129.77 129.98 129.80 129.56 129.49 128.94 129.28 129.85 129.31 130.42 130.47 129.26 128.86 129.84 129.42 129.00 128.92 128.90 129.85
135.88 135.80 134.98 134.75 134.63 136.22 135.02 135.03 136.29 135.53 134.27 134.86 134.22 134.91 134.05 134.04 134.08 134.23 134.07 134.01 133.89 133.01 130.92 126.36 126.28 127.02 127.60 127.95 128.58 129.07 128.20 127.04 127.05 128.13 130.33 129.31 127.33 127.30 127.95 128.19 129.07 128.86 126.97 127.10 129.11 129.03 128.97 128.91 129.79 129.16 128.97 129.98 129.11 129.03 129.07 130.06 130.00 129.93 129.72 128.95 129.39 130.15 130.05 130.02 129.32 129.03 129.02 128.84 129.75 130.00 128.25
136.01 135.98 135.92 135.68 134.88 135.15 134.61 134.00 134.11 134.75 134.31 134.02 134.00 134.14 133.19 133.04 134.90 133.94 133.98 134.11 134.91 132.62 127.49 126.84 126.91 127.50 127.43 127.60 128.12 128.10 128.04 128.00 126.95 128.80 128.12 128.01 127.82 127.89 128.01 128.26 128.61 126.96 127.31 128.45 129.03 129.55 130.03 129.18 129.86 129.12 129.80 130.04 128.98 129.92 129.90 129.99 130.00 130.05 129.77 128.90 128.98 129.49 130.06 130.08 129.35 128.95 128.86 130.53 131.00 130.14 128.95
135.90 134.36 135.40 136.02 135.31 134.01 133.93 134.30 134.96 133.78 133.71 134.06 134.79 133.97 134.58 132.86 134.90 135.83 134.90 134.98 134.45 130.05 126.33 126.03 126.45 127.07 127.04 127.66 128.05 127.98 127.82 128.84 128.04 128.06 127.91 127.94 128.17 128.83 128.95 128.81 127.49 126.19 127.47 128.06 128.49 128.99 129.11 128.91 130.36 131.62 131.14 130.05 130.02 130.03 130.11 129.24 130.07 129.92 129.68 129.00 129.36 129.90 129.93 129.43 129.09 129.04 128.95 129.28 128.38 128.93 128.26
135.77 135.79 135.82 135.12 135.27 134.52 133.55 133.61 134.85 134.48 133.96 134.54 134.18 133.19 133.56 132.27 134.31 135.92 134.72 134.82 133.58 130.30 126.61 125.63 125.97 126.48 127.52 127.90 127.87 128.02 127.33 128.89 129.26 128.44 128.22 128.17 128.83 128.57 128.82 127.24 126.11 125.91 127.36 128.25 128.23 128.20 128.71 128.92 129.90 130.83 130.78 130.12 130.82 130.05 130.82 129.64 129.69 129.01 129.36 129.98 130.08 129.86 129.20 129.01 129.50 129.23 129.13 128.97 128.06 128.28 128.96
135.32 135.88 135.44 135.15 135.58 134.69 133.90 133.86 134.27 134.72 134.13 133.13 132.90 132.87 133.36 132.65 134.72 135.21 134.63 133.85 132.66 131.82 128.95 126.31 125.70 126.34 127.74 127.55 126.82 127.84 127.72 128.40 129.46 129.45 128.71 128.99 129.35 129.49 127.34 125.35 124.87 125.78 127.56 129.01 128.81 128.94 128.98 128.94 129.63 129.29 129.15 129.49 129.91 129.86 129.62 129.12 129.33 129.38 130.28 129.77 130.27 130.33 130.04 129.45 129.02 128.93 129.74 129.35 129.07 129.92 130.04
135.96 134.81 134.26 134.92 135.08 134.39 133.87 134.16 133.57 134.01 133.47 132.29 133.28 133.22 133.89 133.60 133.85 134.65 135.26 133.97 132.02 131.29 131.06 130.22 127.08 126.35 127.51 127.41 126.09 127.12 127.14 126.98 128.05 128.12 128.05 128.74 129.71 128.62 125.69 126.69 126.91 127.16 128.36 128.45 128.42 128.84 128.93 129.04 129.10 128.83 128.97 128.33 129.05 128.76 128.31 129.12 129.74 130.39 131.28 129.36 130.39 130.16 130.47 129.95 128.90 129.00 129.79 129.98 129.93 131.05 129.94
