week3/kandiregiongridmap.asc
ncols 592
nrows 516
xllcorner 69.8466796875
yllcorner 28.79131261667021
cellsize 0.00439453125
nodata_value -2147483648
[rows 465 to 495 of 516, columns 0 to 70 of 592]
209.66 210.17 201.79 192.83 188.07 192.23 188.65 182.88 175.33 167.71 160.97 156.87 155.29 152.85 148.98 145.86 142.67 139.57 137.03 134.17 130.99 130.24 130.26 130.35 129.15 127.05 126.02 124.97 123.98 122.56 120.82 120.65 119.57 119.02 119.11 117.95 117.01 117.08 116.20 115.27 114.22 114.02 113.18 112.94 112.11 112.19 111.86 110.89 110.06 109.70 109.09 108.52 107.50 106.40 105.29 105.18 104.34 104.05 103.27 102.22 101.31 101.17 102.00 100.97 101.03 100.06 99.73 99.02 99.04 98.58 97.36
223.46 219.24 206.30 193.11 184.17 182.45 179.51 179.14 173.37 165.78 158.66 154.01 151.42 149.46 146.74 144.07 141.30 138.85 135.16 133.36 130.49 129.12 129.12 128.19 127.14 126.06 124.97 123.91 122.87 121.82 120.72 119.74 118.58 118.06 118.29 116.79 116.05 115.38 115.10 115.15 113.19 113.12 112.06 113.00 110.90 110.20 111.01 109.76 109.03 109.13 108.66 108.07 107.52 106.37 105.23 105.00 104.20 103.14 103.04 102.07 100.95 101.00 101.05 100.01 100.05 99.99 100.02 99.64 98.93 98.99 99.00
226.28 217.77 205.91 196.82 190.25 185.05 178.86 174.76 169.43 164.09 158.72 153.95 150.90 148.19 145.65 142.93 140.93 138.11 135.66 132.73 130.30 129.12 128.12 127.08 126.03 123.99 123.96 122.88 121.61 119.96 119.43 117.95 117.65 116.47 116.01 116.04 116.16 114.48 114.00 114.10 113.13 112.06 112.01 112.01 110.90 109.95 110.08 109.56 107.92 107.69 106.98 107.04 107.03 107.07 106.29 106.03 105.25 104.15 103.12 102.03 101.98 100.95 99.97 100.00 100.00 100.03 99.75 98.96 99.07 98.56 98.04
222.81 213.93 206.18 198.86 191.59 183.30 176.83 171.50 167.11 161.95 156.91 152.97 149.90 146.78 144.00 142.49 140.33 137.04 134.54 133.22 132.18 130.24 128.07 125.92 124.06 123.88 122.87 121.67 119.88 119.69 118.63 117.54 116.51 115.99 115.44 114.29 114.73 114.29 113.14 113.04 112.00 111.97 110.98 110.95 109.95 109.78 108.95 108.78 107.60 106.94 106.52 105.93 105.99 106.01 106.02 105.29 104.15 104.09 103.13 103.01 102.11 101.96 100.92 100.00 100.02 99.83 98.70 98.03 97.63 97.46 98.07
222.17 212.95 204.51 197.85 190.34 182.87 175.88 168.58 162.67 159.10 154.73 150.92 147.99 145.77 143.34 140.78 138.68 136.73 134.75 133.29 131.37 129.28 126.38 123.28 123.81 123.02 121.76 120.57 118.56 117.91 117.72 116.58 115.87 115.52 114.34 113.93 113.26 112.85 112.03 112.02 110.22 110.94 110.07 109.90 108.79 108.08 107.95 107.76 106.52 105.96 105.63 104.83 104.94 105.00 104.24 104.13 103.22 103.72 102.80 102.92 102.67 101.87 101.91 100.79 99.89 99.68 98.98 98.64 97.88 97.37 96.91
220.47 211.75 204.06 196.96 188.83 181.06 175.40 168.19 161.88 156.85 151.64 148.55 145.92 143.36 141.58 139.44 137.52 136.18 134.98 132.62 130.54 128.34 126.11 124.19 123.05 122.80 120.95 119.78 117.71 116.96 116.91 116.18 114.86 114.14 113.13 112.78 112.18 111.38 111.13 110.96 109.85 109.94 109.88 108.83 108.05 107.65 106.71 106.50 105.81 105.24 104.93 103.83 103.79 103.91 103.34 103.51 103.02 102.13 101.16 101.83 101.17 101.16 102.14 100.90 100.06 98.90 98.71 98.54 97.51 96.37 96.02
217.08 210.53 203.39 195.24 187.91 180.14 173.63 167.35 161.44 155.73 150.38 146.30 143.97 142.18 140.08 138.78 137.14 134.73 133.27 131.03 129.68 128.36 126.32 124.83 123.10 121.49 120.65 119.51 117.77 116.35 115.75 115.55 113.86 112.38 111.94 111.19 110.62 110.44 110.77 109.99 108.93 108.47 108.57 107.81 107.70 106.65 105.89 105.19 105.32 104.52 104.14 103.57 103.07 102.90 102.47 101.93 101.92 100.84 100.98 101.02 101.02 100.69 101.45 101.11 100.38 98.72 98.30 98.29 97.31 95.99 95.95
214.32 208.23 201.67 192.93 186.85 180.42 172.98 166.41 160.73 155.02 150.01 144.59 140.64 139.61 137.90 136.74 135.52 133.64 132.21 129.71 127.99 127.60 125.65 123.87 122.52 119.71 119.79 118.55 117.07 115.76 114.94 114.43 112.89 111.78 111.48 110.24 108.93 108.69 109.69 108.96 107.86 107.12 106.71 106.69 106.74 106.00 105.57 104.43 103.65 103.71 103.84 103.31 102.78 102.45 101.70 101.16 100.79 100.11 100.69 101.04 100.77 100.08 100.13 100.38 99.85 98.92 99.01 98.76 97.59 96.60 96.13
213.83 205.19 198.33 191.12 185.14 179.22 172.15 164.68 158.76 152.79 146.85 141.58 137.78 137.03 135.45 133.71 133.41 133.44 131.51 129.25 126.95 125.82 123.73 122.66 120.18 118.53 118.30 117.45 115.84 115.51 114.38 113.42 112.62 111.30 110.52 109.61 108.29 107.67 108.65 107.91 106.78 106.76 106.01 106.00 105.71 105.70 104.48 103.44 102.97 102.90 102.55 102.05 101.48 101.36 101.50 100.98 100.16 99.72 99.66 100.85 99.79 99.69 99.69 99.07 99.95 98.94 99.02 98.41 97.37 97.07 96.54
211.59 203.26 195.31 187.61 179.97 174.43 168.19 161.52 155.89 148.80 143.70 138.56 135.56 134.96 133.52 131.80 131.17 132.08 130.57 128.13 126.54 125.14 123.37 122.37 119.44 118.14 116.79 116.54 115.50 114.35 113.25 112.67 112.41 110.83 109.26 108.56 107.97 106.80 107.24 106.80 105.70 105.62 105.74 105.71 104.56 104.22 103.47 102.84 102.72 102.49 101.45 100.73 100.19 99.85 99.63 99.61 99.78 99.07 98.66 99.05 98.34 98.98 98.61 98.83 99.73 98.97 98.44 97.31 96.77 96.91 96.58
208.46 200.86 192.63 184.02 176.54 169.74 163.42 158.00 151.56 145.79 140.60 135.72 132.74 132.79 132.03 130.29 129.23 129.20 128.38 126.89 126.61 125.26 123.97 122.24 120.59 118.67 116.51 115.42 114.35 113.39 112.47 111.54 111.21 110.15 109.19 107.65 106.99 106.13 105.83 105.67 104.96 104.92 104.60 104.58 103.83 103.07 102.88 102.51 101.87 101.88 101.30 100.26 99.74 99.75 99.19 98.64 98.58 98.76 97.71 96.71 96.79 98.38 97.88 97.93 98.32 98.24 97.34 96.93 96.52 96.25 96.24
203.76 196.53 189.65 182.11 174.29 166.75 160.44 153.99 147.77 142.65 137.55 133.63 130.71 130.44 130.77 129.19 127.93 127.03 125.74 125.28 124.24 124.37 122.40 119.81 118.41 117.42 115.77 114.34 113.38 112.79 111.82 110.74 110.14 109.00 108.13 107.87 107.01 106.20 105.39 104.61 104.64 104.65 103.55 103.55 103.64 103.26 102.42 101.35 101.34 101.45 100.45 100.00 99.44 98.59 98.63 98.13 97.58 97.52 97.37 97.07 96.63 97.26 98.04 97.94 96.75 96.74 96.62 97.11 96.62 95.96 95.36
199.01 191.94 185.05 179.42 171.53 164.54 157.72 151.39 145.05 139.48 134.81 131.17 129.26 127.99 128.73 127.98 126.24 124.39 123.60 123.16 122.13 122.08 120.08 119.14 117.48 116.94 114.87 113.28 112.43 111.65 110.44 110.29 109.04 108.22 107.82 106.89 105.67 105.54 104.69 103.54 103.40 104.05 102.44 102.44 102.45 101.81 101.33 100.73 100.48 100.93 100.13 99.18 99.07 98.35 97.95 97.67 97.12 96.97 97.13 96.61 95.97 97.16 98.03 96.92 96.49 96.51 96.47 96.54 96.36 95.80 95.21
194.72 188.17 181.43 175.49 168.82 163.25 155.67 149.40 143.66 136.81 133.09 129.48 126.83 126.24 125.65 124.93 123.41 122.67 121.77 121.03 120.02 119.94 118.59 117.51 116.42 115.76 113.20 112.17 110.70 110.02 108.69 108.49 107.63 107.11 106.57 106.30 105.34 105.17 104.12 103.12 103.05 102.83 101.95 102.03 101.42 101.43 100.93 101.13 100.96 99.95 99.07 98.71 98.44 98.24 97.69 97.23 95.90 96.40 96.07 95.37 95.40 95.94 97.36 95.75 96.05 96.15 96.44 96.03 95.81 95.14 95.01
190.98 184.57 178.28 171.83 165.61 159.52 153.70 147.27 141.30 135.24 129.99 126.93 124.24 124.11 122.61 120.95 121.00 120.36 120.00 119.16 117.91 117.90 117.00 115.82 115.58 114.34 112.21 111.06 109.11 108.50 107.84 106.89 106.24 106.33 105.75 104.86 104.48 103.92 103.21 102.39 102.32 101.96 102.10 101.25 100.23 100.40 101.14 100.36 100.32 100.01 99.53 99.19 98.64 97.69 96.60 96.41 95.82 95.31 95.41 95.10 94.97 96.14 97.11 96.62 95.22 95.39 95.27 95.32 95.17 95.00 94.57
187.80 181.44 175.07 169.51 162.38 156.65 150.64 145.06 138.77 134.24 128.78 125.10 122.38 121.12 120.55 119.28 118.10 117.83 117.21 116.11 115.82 115.05 113.98 113.68 112.82 112.62 111.30 110.10 107.99 107.31 107.08 106.16 105.89 104.98 104.41 104.27 103.65 102.45 102.24 102.01 101.97 102.11 101.25 101.04 99.94 100.02 99.42 99.21 99.32 99.18 98.49 97.93 97.45 96.66 96.08 95.26 95.98 95.28 94.29 94.32 95.09 95.38 96.39 96.24 94.85 94.38 95.22 95.07 95.09 95.16 94.47
184.51 178.26 171.82 166.57 159.94 155.48 149.09 143.78 138.23 134.04 129.65 125.68 122.66 120.06 118.86 118.01 116.22 114.94 114.62 113.77 112.85 112.58 111.57 111.55 111.32 110.54 109.40 108.38 107.07 106.00 105.70 105.58 103.97 103.31 103.30 102.79 102.33 102.08 102.02 102.06 102.10 101.28 101.03 100.28 100.00 99.16 98.93 99.08 98.58 97.24 97.18 97.15 96.56 96.06 96.07 95.89 95.46 94.40 94.02 93.21 94.30 94.23 95.26 95.11 94.15 93.83 93.66 94.30 94.25 94.29 94.24
182.29 175.17 169.39 163.37 157.80 152.84 147.30 142.89 139.29 135.65 130.76 126.63 122.87 120.12 117.71 115.92 114.26 113.21 112.69 111.66 111.20 110.58 109.51 109.45 108.74 107.68 108.06 106.21 105.39 104.93 104.21 104.41 103.08 102.08 102.24 102.06 101.40 101.25 101.28 101.26 101.29 100.97 100.28 99.21 99.26 98.95 98.88 98.26 97.87 96.81 97.00 96.64 96.09 95.49 95.21 95.38 94.43 93.96 94.05 92.98 93.19 93.99 94.99 94.85 93.91 93.76 93.09 94.04 93.99 93.59 93.22
181.72 175.20 168.31 161.06 155.73 151.14 146.83 143.32 139.60 135.61 130.99 126.82 122.61 119.05 115.89 113.62 112.49 111.60 110.69 109.57 108.78 108.27 108.02 107.37 106.21 105.27 105.60 104.13 103.19 102.57 102.71 102.99 101.90 101.14 100.69 100.96 101.09 100.30 100.11 100.21 100.16 99.53 99.91 99.51 98.13 98.95 98.17 97.88 97.65 96.96 96.63 96.06 95.63 94.58 94.22 94.30 93.37 93.24 93.34 92.28 92.92 93.97 94.35 94.92 93.97 93.74 92.99 93.25 92.94 92.29 92.59
178.60 173.67 165.67 159.80 155.22 151.06 147.61 143.05 139.41 135.00 130.17 126.12 122.58 118.34 114.67 111.74 109.91 108.79 108.22 107.47 106.33 105.74 105.66 105.21 104.30 104.03 102.90 102.12 101.74 101.08 101.95 101.68 100.94 100.57 99.94 99.98 100.27 99.43 99.13 99.80 99.26 98.90 99.10 98.47 97.17 98.17 97.73 97.20 97.13 96.78 95.73 95.62 95.44 94.75 94.69 94.10 93.09 92.92 92.89 91.93 93.03 93.28 93.88 94.18 93.84 93.19 92.78 92.10 92.04 91.81 92.05
172.70 168.28 162.23 159.18 155.29 151.07 147.07 142.41 138.60 134.34 129.69 125.11 122.01 118.22 114.32 111.10 108.03 106.28 105.56 105.23 104.24 104.53 103.86 103.26 102.98 102.93 100.23 100.16 100.20 100.07 100.19 100.16 100.09 99.98 99.38 99.03 98.98 98.91 98.87 99.22 98.92 98.93 98.24 97.84 96.92 97.17 97.16 96.63 96.32 96.65 95.85 95.37 94.97 95.12 94.60 93.42 93.01 93.08 92.25 91.98 92.90 92.86 93.21 93.05 93.03 92.84 92.65 91.87 92.03 91.59 91.48
170.92 166.74 161.73 157.60 154.28 150.10 145.83 140.94 137.44 133.18 129.04 124.70 120.52 116.90 112.79 109.02 106.21 104.30 103.91 103.26 102.22 101.29 101.09 101.84 100.92 100.84 98.77 99.00 98.99 98.77 98.34 99.03 99.03 98.60 98.01 98.12 97.30 97.76 97.97 98.76 98.09 98.09 98.83 97.98 96.95 96.90 96.78 96.02 96.03 96.12 95.60 94.49 94.60 95.09 94.28 93.16 93.00 92.99 92.05 91.99 92.11 92.10 92.86 91.91 92.10 92.17 92.06 92.03 92.04 91.49 90.89
169.54 164.85 160.67 156.44 152.17 147.93 143.74 140.42 135.23 131.28 128.00 123.41 118.72 115.70 112.08 107.68 104.62 103.31 101.42 100.86 100.03 99.02 98.87 98.92 97.95 97.91 96.98 97.95 97.96 97.92 97.88 97.97 97.99 97.99 97.34 97.66 96.50 96.73 97.03 97.01 96.88 97.91 97.96 97.92 96.91 95.94 95.94 95.94 95.97 95.59 94.43 94.40 95.07 94.39 93.25 92.99 93.02 92.14 91.99 92.01 91.94 92.00 91.97 91.10 92.16 92.81 91.92 91.98 91.55 90.93 90.43
167.11 162.67 158.47 154.30 149.03 144.83 140.54 136.28 132.27 129.14 125.80 121.59 117.34 113.51 109.91 106.15 103.66 101.53 99.33 98.03 96.87 97.76 96.91 96.78 96.83 96.78 95.84 95.97 96.93 96.62 96.12 97.45 97.54 96.82 96.99 96.28 95.82 96.65 96.94 97.05 96.06 96.86 96.89 96.89 96.81 95.83 94.89 94.97 94.57 93.80 93.96 93.91 93.95 93.30 92.96 93.02 92.14 91.92 92.00 91.97 90.88 91.95 91.88 91.88 91.03 91.99 91.68 90.90 90.50 89.89 89.99
163.52 159.46 155.26 151.10 145.95 142.80 137.61 133.46 130.15 125.96 122.77 119.44 115.25 111.51 107.81 104.66 102.02 99.39 97.24 96.75 95.99 95.81 95.89 94.80 94.78 94.92 94.82 94.80 94.96 95.89 96.21 96.99 96.37 95.85 95.90 95.94 95.24 94.81 95.57 96.77 96.98 95.97 95.96 95.92 94.91 95.85 94.96 94.82 93.69 93.39 93.61 92.95 93.01 92.98 93.10 92.21 91.92 91.12 91.83 91.01 90.07 90.81 89.90 90.87 90.87 90.82 90.87 90.55 89.96 90.02 89.92
159.66 156.01 152.14 147.67 143.66 140.25 136.40 132.14 128.07 123.60 119.76 116.71 113.50 109.70 106.02 102.99 100.43 97.74 95.82 94.89 94.60 94.31 94.58 93.80 93.74 94.56 94.02 93.94 94.15 94.98 95.04 95.90 95.41 95.29 95.12 94.70 94.75 94.97 95.16 95.66 95.98 96.05 95.78 95.80 94.93 94.72 95.07 95.02 94.51 93.87 93.57 93.38 93.45 92.87 92.91 92.33 91.07 91.97 91.31 91.00 91.05 89.94 89.99 89.95 89.96 89.96 89.96 90.09 90.64 90.17 89.02
157.27 151.91 148.47 143.79 140.53 136.35 132.45 128.69 125.35 120.43 117.45 114.04 110.97 106.77 103.26 100.70 98.33 96.13 94.35 93.83 92.85 91.98 92.60 92.65 93.06 93.06 93.42 94.10 94.21 94.60 94.21 94.78 94.78 94.35 93.92 94.02 94.02 94.46 95.63 95.10 95.77 95.77 95.14 94.67 95.11 94.36 94.72 94.61 93.62 93.19 93.47 93.06 92.92 92.05 91.31 91.68 91.10 91.58 91.79 91.03 91.01 89.97 90.08 90.07 90.05 90.01 89.94 89.90 90.15 89.50 89.23
152.34 148.27 144.81 140.13 136.87 132.60 127.80 124.25 121.32 117.89 113.65 110.40 108.19 104.52 100.93 98.38 95.86 94.03 93.80 92.96 92.06 91.95 91.97 91.97 92.58 92.64 92.22 93.77 93.58 93.58 93.57 93.62 93.62 93.83 94.13 93.76 93.52 93.94 94.61 94.71 94.19 94.69 94.17 93.99 94.33 94.63 93.97 93.70 93.83 93.04 92.89 92.58 92.38 91.43 90.53 90.42 90.90 91.12 90.62 91.08 91.11 89.97 89.57 89.59 89.68 90.04 89.38 89.00 89.17 88.55 88.26
148.53 145.48 141.26 136.37 133.20 129.40 125.17 121.05 116.86 114.22 110.05 106.97 104.12 101.78 98.36 95.61 93.37 92.14 92.17 91.62 91.99 92.11 92.09 92.09 92.09 91.51 91.49 92.67 93.13 93.09 93.12 92.85 92.70 93.40 93.71 93.22 92.93 93.39 93.52 93.65 93.10 93.51 92.99 94.06 92.43 93.61 93.42 93.09 93.28 92.48 92.29 92.05 91.82 91.16 91.00 90.53 91.00 90.73 90.11 90.51 90.53 89.96 88.96 88.99 89.09 89.48 89.08 88.89 88.50 88.26 88.02
147.11 142.54 137.45 133.18 129.35 126.96 122.67 117.88 113.69 110.03 106.83 103.11 100.25 98.08 95.35 93.07 91.80 91.11 90.52 90.87 91.53 91.53 91.51 91.60 91.51 90.97 91.60 92.15 92.64 92.58 92.52 92.31 92.27 92.57 92.44 92.87 93.10 93.13 93.10 92.54 92.48 93.03 92.99 93.58 92.51 93.08 93.06 93.10 92.73 91.88 92.04 91.84 91.17 90.96 91.00 91.06 90.68 89.61 89.48 90.03 90.05 90.06 88.96 89.08 89.00 88.94 88.49 88.33 87.93 88.02 87.65
145.66 140.59 134.92 130.01 126.14 122.61 118.92 114.01 110.53 106.86 103.56 100.15 98.06 95.21 93.01 92.10 91.31 91.01 90.17 90.42 90.50 90.98 91.06 90.46 90.98 91.08 91.67 91.51 91.44 91.60 92.08 91.81 91.44 91.72 91.97 92.37 92.60 92.12 92.52 92.06 91.90 92.55 93.00 92.45 92.60 92.53 92.58 92.59 92.43 92.04 91.86 91.22 90.96 91.04 91.01 91.12 90.25 89.05 88.94 89.50 89.53 89.52 88.95 88.51 89.02 88.36 87.88 87.95 88.00 88.06 87.73
