week3/kandiregiongridmap.asc
ncols 592
nrows 516
xllcorner 69.8466796875
yllcorner 28.79131261667021
cellsize 0.00439453125
nodata_value -2147483648
[rows 434 to 464 of 516, columns 213 to 283 of 592]
95.88 96.54 95.69 93.29 94.12 95.68 96.14 96.17 96.16 96.11 96.74 97.15 97.20 97.16 96.17 97.19 97.80 96.75 96.37 97.10 96.93 96.80 96.93 96.99 96.92 96.13 95.88 96.95 96.24 96.81 96.80 96.78 96.16 97.16 97.76 96.97 97.99 98.02 97.49 96.28 96.51 97.72 97.29 95.96 96.63 96.79 97.84 97.04 97.05 95.97 96.86 96.84 96.86 95.87 96.20 96.86 97.39 98.05 97.98 97.92 98.77 99.14 98.26 98.80 99.82 99.21 99.16 99.00 99.01 99.17 99.27
94.20 95.80 94.82 93.51 94.59 95.90 96.83 97.02 97.00 97.03 96.24 98.02 97.66 97.64 96.97 97.10 97.03 96.72 96.80 96.81 96.40 95.89 96.57 97.11 96.26 96.24 96.00 96.71 96.78 96.03 96.26 96.36 97.08 97.04 96.59 96.15 97.48 97.81 96.45 95.88 97.29 97.63 96.37 95.36 95.91 95.98 96.67 97.06 96.74 96.04 96.00 96.10 97.03 96.19 95.97 96.45 97.34 98.17 98.10 97.77 99.37 99.34 98.96 99.00 98.96 99.94 100.02 98.99 99.05 100.11 99.99
94.07 94.42 94.09 94.09 95.67 96.82 97.03 97.01 97.01 97.02 96.93 97.74 97.47 97.37 96.97 96.55 96.53 95.88 95.55 95.74 96.04 95.86 96.50 97.19 96.27 96.50 96.07 95.59 96.01 95.86 96.96 96.52 96.68 96.58 95.95 96.10 96.98 97.66 96.80 96.72 97.75 97.13 96.14 95.97 95.66 96.01 95.97 96.72 96.22 95.65 96.00 96.14 96.68 96.56 96.48 97.12 97.84 98.83 98.78 98.30 99.56 99.32 99.07 99.02 98.92 100.05 100.03 99.00 99.03 99.74 100.14
95.75 95.06 94.67 95.39 96.71 97.09 97.07 97.10 97.10 97.10 97.14 96.60 97.68 98.04 96.81 96.33 95.99 95.82 95.23 95.50 95.95 96.22 96.90 96.85 96.16 95.98 96.41 95.40 95.80 96.47 97.01 96.41 95.99 95.99 95.90 95.97 96.15 97.38 97.81 97.51 97.11 96.19 95.97 96.17 95.19 95.47 96.07 95.65 95.09 95.03 96.00 95.53 96.12 96.22 97.05 97.16 98.02 98.66 98.60 98.49 99.60 99.36 98.54 98.91 98.98 99.44 100.10 98.89 99.00 99.05 99.53
95.94 96.19 96.00 95.60 96.25 96.94 96.74 96.57 96.58 96.50 96.52 95.89 96.49 97.62 97.47 96.86 95.90 96.03 96.50 96.54 96.25 96.27 96.66 96.19 95.97 95.91 96.95 96.61 96.50 96.59 97.08 96.98 95.95 96.05 96.43 95.95 96.73 97.78 98.20 97.64 96.31 95.90 96.03 95.73 95.10 94.86 95.47 95.02 94.29 95.02 96.09 95.44 95.55 96.23 97.08 96.95 97.41 98.10 97.92 97.80 99.39 99.37 98.53 98.91 98.97 99.53 99.58 99.50 98.98 98.96 99.43
96.07 96.77 96.67 96.22 96.40 96.55 96.12 95.91 95.90 96.35 96.35 96.41 96.34 96.97 97.65 96.82 95.96 96.67 97.03 96.65 96.38 95.92 95.95 96.03 96.06 95.97 96.48 96.66 96.64 95.88 96.58 97.03 95.90 96.08 96.66 96.58 97.34 97.71 97.61 97.34 96.67 96.09 96.05 95.16 94.92 95.41 95.42 95.00 95.53 95.05 95.61 95.62 95.41 96.31 97.11 96.97 97.19 97.75 98.33 98.12 99.47 99.44 98.69 98.99 99.05 99.24 98.98 99.66 99.00 99.46 99.58
96.69 97.00 96.24 96.29 97.07 96.34 95.93 96.01 95.95 96.59 97.08 97.10 97.13 97.01 96.91 96.94 96.44 96.70 96.36 95.83 95.93 96.03 95.76 95.56 95.54 95.90 95.93 95.85 96.25 96.42 95.88 96.58 96.38 95.95 96.02 96.73 96.53 96.61 96.95 96.98 97.12 96.71 96.15 95.59 95.03 95.58 95.73 95.01 95.69 94.55 94.91 95.02 96.11 95.74 96.77 97.02 97.10 97.66 98.24 97.75 98.63 98.85 97.96 98.47 98.64 97.81 98.57 98.92 99.05 100.05 98.81
97.04 96.25 95.90 95.90 96.30 96.22 95.98 96.00 96.00 95.83 96.92 97.01 96.54 96.56 97.05 96.98 96.48 95.81 96.08 96.32 96.20 96.30 95.64 94.99 95.14 95.85 95.98 96.34 97.51 97.14 96.46 96.38 97.08 95.93 96.00 95.88 96.02 96.48 96.35 96.26 96.82 97.18 96.35 96.14 95.24 94.88 94.88 95.00 94.90 94.35 95.03 95.06 95.46 95.01 96.26 97.06 97.26 97.70 97.09 97.01 97.99 97.97 98.38 97.99 97.88 98.01 97.87 98.55 99.06 100.00 99.42
96.30 95.90 95.98 96.34 96.20 95.94 96.00 95.96 96.48 95.99 96.93 97.05 95.90 96.48 96.49 96.47 96.35 95.94 96.19 96.37 96.23 96.31 96.08 95.72 95.92 96.02 95.89 96.89 98.07 97.59 97.10 96.55 96.47 96.49 95.89 95.54 96.23 96.62 96.01 95.23 95.97 96.55 96.18 95.68 94.57 95.43 95.06 95.04 94.45 95.11 95.00 94.99 94.98 95.66 96.14 96.68 97.00 96.89 96.89 97.64 98.48 98.13 98.47 98.10 98.00 98.00 97.97 98.48 99.09 100.14 100.62
96.41 95.92 95.98 96.25 96.20 95.94 95.98 95.93 96.92 96.68 97.06 96.38 96.00 96.39 95.23 96.13 97.14 96.49 95.88 95.96 95.97 96.01 95.55 95.76 96.00 96.49 96.63 96.93 97.27 97.37 97.00 95.97 96.08 96.99 95.11 94.99 95.55 96.23 96.04 95.03 95.46 95.94 96.09 94.72 93.80 95.23 95.09 94.32 94.63 95.06 95.00 94.99 95.10 96.07 95.88 96.24 97.08 97.00 96.93 97.59 98.53 98.20 97.93 97.99 98.00 97.97 98.69 98.42 98.40 99.55 100.58
96.47 96.50 95.95 95.98 95.93 96.61 96.26 95.91 96.83 97.08 96.31 95.97 96.08 96.04 95.81 96.13 96.33 96.41 96.53 95.89 96.00 96.06 95.86 95.93 96.03 96.80 97.05 96.96 97.66 97.82 97.01 95.12 95.24 96.24 95.48 94.87 95.03 95.53 95.95 95.29 95.50 96.67 96.27 94.84 94.60 94.85 95.00 94.75 94.12 94.18 94.94 94.88 95.73 96.84 96.74 96.83 97.02 96.96 96.94 97.08 97.97 98.11 97.99 98.00 98.00 97.99 98.28 97.88 97.89 98.23 99.43
96.19 96.61 95.88 96.01 95.99 96.13 96.06 95.93 96.84 97.06 96.05 96.10 95.17 95.17 95.18 95.15 95.21 96.32 97.16 96.57 96.03 95.58 95.71 95.56 94.93 96.62 97.06 96.85 98.04 97.31 97.09 95.88 95.91 96.19 96.82 95.57 94.90 95.33 96.17 95.57 94.96 95.74 97.46 97.14 96.07 95.96 95.08 94.98 95.74 94.82 95.82 96.90 98.38 96.83 97.02 97.01 96.96 97.43 97.45 96.82 97.62 98.03 98.00 98.00 97.99 98.09 97.97 98.92 98.92 98.82 99.15
98.03 97.58 96.43 95.94 96.04 96.02 95.95 95.86 96.82 97.12 96.10 95.17 94.98 94.98 94.98 95.09 95.92 96.05 96.17 96.15 95.60 94.97 95.08 94.99 95.55 96.03 96.79 97.86 97.26 96.16 96.21 95.14 95.15 95.20 96.17 95.79 94.89 95.41 95.76 95.01 95.01 95.01 96.00 96.39 95.37 95.16 95.01 94.99 95.18 95.05 97.00 97.25 99.07 97.58 96.87 96.94 96.86 97.46 97.45 97.42 97.99 98.00 98.00 98.00 98.05 97.05 97.98 98.16 98.14 99.05 98.95
96.71 96.87 96.03 96.06 95.45 95.59 96.64 96.87 97.03 96.27 96.05 94.98 95.00 95.00 94.99 95.12 96.10 95.99 95.96 95.99 95.96 95.41 94.93 94.89 95.74 95.94 96.81 97.21 97.03 96.03 95.13 94.98 95.01 95.97 96.76 95.72 94.91 95.06 95.09 95.01 94.49 94.63 95.07 95.12 95.00 94.96 95.00 95.00 94.96 95.03 96.29 97.17 98.22 98.00 97.84 97.82 98.20 98.42 97.87 97.96 98.02 98.00 98.00 98.02 97.98 98.63 98.00 97.97 98.84 99.07 99.90
95.95 96.00 96.34 96.88 96.19 95.89 96.79 96.35 96.15 96.72 96.12 95.10 95.00 95.00 95.00 95.19 96.03 96.00 96.00 95.98 96.02 95.91 95.32 95.01 95.67 95.97 96.86 96.16 96.16 96.04 94.96 94.89 95.02 95.35 96.30 95.81 94.97 94.95 95.01 94.61 94.42 94.90 94.41 94.74 95.01 94.95 95.80 95.07 94.17 94.95 95.95 96.23 97.14 97.13 97.13 97.13 97.36 97.31 97.53 98.02 98.00 97.97 97.94 98.61 98.75 98.38 98.06 98.84 99.06 99.16 100.12
95.94 96.53 97.25 96.64 96.67 96.95 96.47 95.28 95.62 96.02 95.88 95.86 94.94 94.95 95.02 95.93 96.17 95.99 95.99 96.08 96.14 95.70 95.66 95.81 95.27 95.67 96.07 95.17 95.92 96.08 95.01 94.30 95.02 95.09 95.92 95.89 95.68 95.03 95.01 94.92 94.55 94.11 94.38 94.91 95.01 94.93 96.06 95.09 93.96 94.18 95.00 95.03 96.09 95.99 96.12 96.44 97.35 97.52 97.13 97.72 98.02 98.10 98.01 98.29 98.33 98.75 98.89 99.06 98.98 99.94 100.01
96.36 97.65 97.95 96.87 96.86 97.13 96.19 95.07 95.22 95.30 95.10 96.10 95.21 95.16 95.23 96.25 96.63 95.95 95.96 96.25 96.41 96.41 96.48 95.44 94.91 95.06 95.14 94.98 95.77 95.86 95.00 94.83 95.05 94.84 94.99 95.30 95.99 95.59 94.89 95.07 94.99 94.53 94.36 94.90 95.07 95.01 95.81 95.08 93.96 93.96 94.30 94.30 94.97 95.25 96.24 96.93 97.41 97.86 97.78 98.00 97.96 98.75 98.16 98.73 98.83 99.05 98.84 99.00 99.25 99.93 100.01
96.99 97.02 97.07 96.91 96.39 96.67 95.72 94.95 95.77 95.77 94.98 95.77 95.73 95.94 95.93 95.82 96.06 95.98 96.01 96.17 96.06 96.43 96.44 95.46 95.18 95.04 94.79 94.77 95.09 95.07 95.00 95.03 94.78 94.01 94.18 95.03 95.32 95.69 95.03 94.84 94.91 95.46 94.89 94.74 94.85 94.79 94.99 95.03 94.17 94.01 94.74 94.87 94.10 95.22 96.37 97.07 96.93 97.07 97.51 97.88 97.89 98.64 98.09 98.67 99.02 98.98 98.22 99.01 99.77 99.06 100.06
96.56 96.31 96.51 95.86 95.81 95.90 96.07 95.12 95.88 95.29 95.00 95.13 95.15 96.04 95.93 95.18 96.18 96.00 96.47 96.67 95.81 95.36 95.42 95.92 95.96 95.28 94.27 94.08 94.78 94.99 94.97 94.94 93.95 93.95 94.13 95.10 94.97 95.38 95.78 94.56 94.53 94.44 93.18 93.69 94.00 94.05 95.08 95.01 95.02 93.99 94.22 94.81 94.07 95.25 96.32 96.57 96.23 96.94 96.97 96.89 97.57 98.14 98.06 98.03 98.90 99.18 99.01 99.00 99.00 99.24 100.11
95.91 95.89 96.04 95.44 94.88 95.80 96.14 95.27 95.85 95.98 95.02 96.05 96.06 95.99 96.01 96.34 96.91 96.18 97.17 96.15 94.79 94.96 94.98 94.83 94.77 94.95 95.06 95.14 93.97 94.97 95.15 95.12 93.95 94.14 94.27 94.91 94.86 95.35 96.16 95.66 94.37 93.98 93.35 93.76 93.93 94.86 95.90 95.05 95.02 94.00 94.91 93.88 94.15 95.28 96.09 96.11 96.06 96.55 97.19 97.05 97.82 100.19 99.96 99.28 98.98 99.91 99.02 99.00 99.04 99.96 100.01
95.63 95.17 96.03 95.43 95.54 96.75 96.29 95.90 96.04 95.20 94.96 95.77 96.19 96.18 96.08 97.15 96.81 96.16 96.59 95.37 95.04 95.10 95.05 94.44 93.85 94.75 95.03 95.06 94.03 94.75 95.90 95.86 94.17 95.13 94.73 93.81 94.18 95.44 96.04 95.57 94.60 94.00 94.06 94.00 94.09 94.89 94.92 95.02 94.83 93.99 93.91 93.98 93.91 95.09 96.31 97.02 97.11 97.75 98.35 97.93 99.91 103.87 103.63 100.44 98.91 98.91 99.01 99.00 99.00 98.91 99.02
95.54 94.92 95.35 95.35 95.35 95.87 96.07 95.05 95.79 96.12 95.32 95.19 96.86 96.82 96.04 97.03 96.60 95.91 95.50 95.03 95.53 95.63 94.93 95.13 94.27 94.53 94.70 95.00 94.33 94.17 94.92 94.96 95.12 94.91 93.86 93.98 94.26 95.39 95.30 95.19 95.74 94.69 94.02 94.18 94.67 94.97 95.02 94.74 93.93 94.04 94.00 93.90 93.47 94.87 96.33 96.47 97.62 98.49 98.90 98.33 100.19 104.16 101.67 98.96 97.65 98.67 98.73 99.04 99.03 98.73 98.71
94.59 94.58 94.72 94.97 95.20 95.81 96.06 95.52 95.95 96.14 96.14 95.69 95.51 95.52 96.11 96.93 95.83 95.41 95.29 95.76 95.27 95.39 94.95 95.12 94.33 93.90 94.21 94.99 95.05 95.05 95.08 94.61 94.63 94.55 93.96 93.96 94.24 94.96 94.25 94.14 95.26 95.42 94.26 94.49 94.43 94.91 95.03 94.44 94.01 93.56 93.96 94.40 96.04 96.63 97.19 97.74 98.18 97.78 97.46 100.21 103.37 102.82 100.13 98.12 97.34 97.84 97.94 98.63 98.60 97.84 97.94
93.96 94.13 94.78 95.05 95.27 95.93 96.16 95.66 95.64 95.08 95.62 95.00 95.35 95.47 96.01 96.95 95.74 94.92 95.30 95.42 94.59 94.73 95.12 94.73 94.14 93.91 94.87 94.46 95.06 95.03 94.42 93.97 93.98 94.07 93.99 94.09 94.73 94.75 93.90 93.92 94.51 95.18 94.36 93.91 94.40 94.94 95.03 94.48 93.92 93.27 94.41 96.18 97.10 96.92 97.16 97.55 97.46 97.44 97.25 100.28 102.78 101.62 99.90 98.64 98.02 98.57 97.91 97.88 97.90 98.50 98.55
93.86 94.47 94.86 94.70 94.99 95.30 95.40 95.11 94.46 93.88 94.27 94.83 96.67 96.01 96.61 96.91 95.77 94.77 94.23 94.86 95.27 94.32 94.78 94.32 93.84 93.80 94.93 94.74 94.32 94.98 94.66 93.98 93.95 93.47 94.02 94.24 94.94 94.25 93.96 93.93 94.65 94.79 94.03 93.95 93.92 94.95 95.16 94.59 94.33 95.03 96.10 97.08 97.12 97.56 96.81 97.12 97.26 97.39 98.93 100.35 100.65 100.60 99.81 99.25 98.11 98.32 98.55 98.54 98.56 99.04 99.01
94.44 94.10 94.08 94.44 95.06 94.93 95.51 95.19 94.61 94.57 94.51 95.63 96.54 96.03 97.17 96.88 95.76 94.83 94.49 94.93 95.46 94.78 94.81 94.75 94.56 94.68 94.46 94.42 94.62 95.10 94.34 94.00 94.02 93.02 94.03 94.16 94.79 93.91 94.00 93.97 94.26 94.12 94.42 94.17 93.96 94.37 94.21 94.76 96.18 96.67 97.64 96.97 97.06 97.50 97.58 97.78 97.75 98.86 101.57 100.70 99.45 99.45 98.52 98.41 97.92 98.50 99.02 99.13 99.12 99.00 99.01
94.71 94.11 94.57 94.76 95.06 95.03 95.44 95.17 95.10 95.12 95.11 95.47 95.36 96.09 96.49 96.98 95.74 94.89 95.09 94.80 94.30 94.78 95.09 95.03 95.11 94.61 94.02 93.84 94.43 94.42 94.58 93.97 93.36 93.08 94.15 94.76 94.80 93.92 94.00 94.00 93.96 93.90 94.80 94.30 93.98 93.88 94.88 96.08 97.11 97.08 98.10 96.94 96.97 97.16 98.17 97.79 97.52 100.64 102.64 99.94 98.87 98.99 98.65 97.98 98.48 99.04 99.01 98.35 98.38 99.04 98.96
94.91 94.47 95.07 95.44 94.64 94.41 94.35 94.40 94.41 94.42 94.39 94.91 94.93 95.45 95.98 96.42 95.91 95.40 94.98 94.60 93.80 94.12 94.77 95.03 95.04 94.66 94.04 94.55 93.96 93.89 94.51 93.96 92.86 93.09 94.25 95.05 94.27 93.98 94.02 94.00 94.00 93.93 94.77 94.30 94.00 93.84 96.49 97.18 97.00 97.01 97.41 96.98 96.99 97.22 98.12 97.72 98.72 101.66 100.90 98.83 98.31 98.84 99.18 98.11 98.98 99.02 99.03 98.49 98.52 98.99 98.38
95.12 94.54 94.61 95.06 94.04 93.88 93.86 94.40 94.04 93.87 94.43 94.98 94.98 94.95 96.06 95.89 96.03 96.00 95.40 94.85 94.30 94.19 94.85 94.67 94.39 94.50 94.01 94.97 94.66 94.03 93.90 94.01 93.57 93.64 94.11 94.31 93.88 93.98 93.97 94.00 94.00 93.97 94.31 94.14 93.45 93.68 96.80 96.99 97.00 96.97 96.92 97.02 96.99 97.05 97.40 97.25 99.25 101.46 99.50 98.58 98.45 98.90 98.55 97.99 98.88 98.99 98.95 99.66 99.04 98.37 98.56
94.78 94.13 94.44 94.47 93.47 93.75 94.00 94.32 94.66 94.05 94.41 94.34 94.36 95.73 95.95 95.41 96.06 96.07 95.79 94.68 94.50 94.52 94.76 94.73 94.61 94.09 93.97 94.29 94.44 94.02 94.00 93.95 93.45 94.20 94.60 93.73 93.31 93.09 92.88 93.69 94.04 94.01 93.98 93.54 92.93 93.73 96.14 96.31 97.00 96.38 96.99 96.99 96.91 96.29 96.24 96.28 98.70 102.33 101.86 99.78 99.06 98.54 97.97 97.96 98.31 98.37 97.69 98.79 98.30 97.93 98.57
94.36 94.44 94.08 94.20 93.27 93.58 94.04 93.92 94.27 94.04 93.94 93.91 94.69 96.09 95.19 95.04 96.07 96.05 95.50 93.98 94.09 94.13 94.09 94.25 94.87 94.91 94.14 93.94 93.93 94.00 94.00 93.22 92.97 94.19 94.98 93.69 92.87 92.81 92.67 93.47 94.06 94.01 94.03 93.76 93.61 95.23 95.90 95.91 97.00 96.68 96.23 96.31 97.00 96.68 96.47 96.12 98.11 100.69 101.15 99.62 98.97 98.16 98.62 98.14 97.94 97.94 97.61 98.62 97.92 98.06 98.77
