week3/kandiregiongridmap.asc
ncols 592
nrows 516
xllcorner 69.8466796875
yllcorner 28.79131261667021
cellsize 0.00439453125
nodata_value -2147483648
[rows 248 to 278 of 516, columns 0 to 70 of 592]
1235.46 1236.28 1246.69 1286.78 1336.83 1345.10 1298.10 1210.20 1157.34 1133.02 1098.14 1079.56 1066.78 1056.02 1057.66 1085.94 1134.73 1172.89 1192.74 1232.03 1302.07 1359.46 1407.05 1454.33 1504.77 1533.39 1515.26 1504.70 1529.86 1579.63 1608.49 1645.22 1663.34 1623.49 1600.07 1610.37 1584.23 1547.33 1517.69 1472.61 1374.01 1293.18 1265.13 1276.40 1221.64 1149.31 1090.71 1044.79 1035.41 1065.76 1149.13 1210.50 1161.85 1087.44 999.23 933.95 870.03 823.91 808.46 801.57 767.59 701.86 637.98 618.60 638.85 604.14 588.29 570.61 561.05 550.64 539.26
1239.06 1236.95 1257.81 1302.45 1324.21 1316.72 1267.68 1213.93 1162.83 1130.22 1100.20 1076.38 1067.19 1056.41 1058.53 1096.33 1141.77 1170.68 1191.65 1243.29 1316.58 1381.17 1434.40 1478.74 1524.46 1574.43 1588.43 1560.39 1560.36 1605.81 1645.52 1677.31 1686.72 1672.16 1633.65 1607.67 1565.70 1491.99 1463.60 1473.58 1434.67 1290.04 1146.54 1119.05 1108.35 1085.21 1090.82 1119.52 1174.79 1250.71 1301.78 1377.56 1363.10 1259.83 1126.09 999.29 867.25 785.44 760.86 767.90 755.31 710.89 659.39 635.45 635.68 612.40 595.83 577.69 573.91 569.52 572.66
1248.60 1253.93 1298.59 1351.48 1343.38 1352.62 1347.82 1280.74 1187.37 1147.82 1102.39 1070.92 1063.69 1054.46 1064.41 1106.09 1146.85 1173.87 1203.82 1262.80 1342.10 1394.24 1444.30 1485.90 1525.90 1574.57 1608.76 1616.77 1591.41 1625.80 1671.49 1703.08 1687.08 1650.39 1599.14 1562.70 1487.09 1429.65 1436.14 1384.79 1306.41 1221.03 1163.58 1156.02 1194.55 1213.03 1244.77 1311.22 1346.08 1333.52 1256.09 1260.60 1282.41 1244.37 1152.66 1006.60 889.66 830.43 783.73 734.94 715.87 695.49 678.06 650.69 631.07 614.49 599.57 586.98 580.47 578.93 585.49
1243.80 1282.38 1348.04 1371.82 1391.53 1440.11 1400.69 1258.61 1182.13 1158.59 1094.19 1068.64 1056.24 1051.00 1076.20 1119.42 1150.46 1184.21 1223.96 1290.31 1356.81 1396.58 1449.29 1503.51 1545.93 1594.05 1620.66 1598.71 1589.85 1617.24 1670.30 1699.81 1667.01 1625.72 1592.42 1550.57 1509.25 1535.63 1603.38 1574.68 1423.09 1353.01 1337.30 1297.05 1350.88 1402.11 1370.18 1362.80 1341.09 1253.13 1125.93 1100.42 1095.33 1064.52 1034.49 949.79 876.42 840.89 811.61 778.49 733.21 690.53 668.75 654.78 641.17 631.28 613.18 597.68 581.92 567.97 553.83
1290.18 1318.00 1346.39 1416.06 1476.15 1449.38 1330.70 1226.53 1194.74 1152.74 1086.05 1066.81 1052.63 1052.94 1084.56 1121.55 1152.87 1187.67 1242.99 1309.85 1358.98 1402.59 1452.65 1522.27 1575.64 1633.27 1673.14 1612.69 1605.00 1623.15 1628.92 1642.82 1632.51 1612.05 1600.49 1625.13 1646.10 1666.26 1698.49 1719.13 1636.21 1543.83 1457.47 1370.36 1293.39 1262.18 1215.45 1177.38 1170.11 1143.92 1126.40 1171.39 1147.72 1037.53 933.41 860.21 837.23 822.73 806.98 790.37 766.22 738.95 713.95 692.70 683.25 671.01 638.77 620.84 603.35 583.94 564.91
1327.51 1356.85 1427.05 1519.03 1482.73 1374.02 1269.28 1203.23 1167.29 1119.79 1089.48 1074.04 1057.81 1064.50 1095.76 1110.66 1151.01 1204.91 1265.55 1323.22 1370.64 1413.92 1468.25 1527.08 1594.04 1669.82 1706.22 1644.41 1633.46 1664.27 1626.51 1608.32 1608.70 1616.09 1635.46 1700.74 1748.30 1724.52 1660.38 1634.26 1539.30 1430.58 1346.18 1260.52 1238.95 1253.02 1288.57 1364.90 1399.04 1353.66 1309.24 1286.00 1218.50 1125.80 992.02 841.71 777.98 763.22 753.41 761.09 767.14 749.47 728.14 705.00 682.53 660.54 645.49 626.72 609.53 591.49 572.57
1362.25 1393.60 1494.60 1530.34 1445.91 1332.38 1242.67 1184.54 1159.48 1118.84 1086.15 1072.27 1058.97 1078.55 1103.97 1118.13 1165.50 1219.96 1285.53 1339.30 1379.78 1422.06 1485.70 1557.41 1626.96 1683.42 1721.76 1688.85 1660.94 1650.20 1627.16 1627.94 1653.59 1695.50 1723.38 1748.80 1738.07 1676.75 1571.23 1508.96 1444.64 1372.72 1356.35 1369.28 1368.30 1465.01 1505.54 1541.53 1484.68 1395.69 1329.21 1227.81 1103.63 1014.52 951.08 842.86 760.11 734.80 723.58 718.70 735.62 734.46 718.66 708.00 695.11 663.18 634.51 617.46 601.60 585.70 569.41
1386.11 1482.16 1534.04 1433.80 1367.05 1311.76 1234.60 1184.76 1155.86 1110.03 1076.79 1059.77 1054.05 1086.70 1112.99 1130.68 1173.18 1230.59 1289.09 1351.18 1397.36 1445.08 1513.81 1582.92 1633.50 1681.12 1716.45 1717.19 1693.53 1665.78 1664.65 1691.52 1744.34 1786.00 1782.74 1784.65 1801.46 1782.25 1697.50 1591.02 1486.20 1443.17 1485.33 1530.45 1498.60 1583.56 1665.21 1598.49 1460.20 1322.24 1225.88 1138.66 1032.60 957.06 907.65 832.34 749.05 710.13 702.24 693.34 692.10 690.44 675.78 666.43 662.45 643.57 617.78 609.36 597.05 579.63 564.07
1486.79 1582.22 1544.06 1403.35 1305.21 1243.02 1200.26 1178.85 1141.93 1100.66 1063.85 1055.43 1058.03 1085.06 1111.09 1142.06 1193.91 1255.69 1314.61 1379.71 1414.72 1454.16 1531.45 1591.57 1637.29 1678.58 1724.70 1747.99 1759.58 1742.95 1752.78 1790.11 1805.21 1796.15 1782.10 1811.32 1850.41 1839.49 1747.23 1643.78 1529.72 1543.99 1631.14 1659.49 1609.03 1600.10 1646.41 1584.20 1482.11 1368.28 1258.18 1157.11 1046.42 960.05 886.25 800.08 727.91 689.11 677.88 668.60 659.74 649.29 630.10 609.60 617.35 626.24 616.81 587.17 576.85 570.74 554.55
1552.40 1638.00 1547.69 1409.23 1306.36 1257.45 1225.23 1185.44 1126.34 1089.70 1062.69 1054.25 1080.08 1099.33 1117.66 1157.73 1221.59 1288.45 1344.55 1386.48 1410.09 1468.36 1543.03 1595.43 1641.64 1695.89 1782.47 1819.51 1835.68 1822.51 1848.89 1848.55 1803.93 1784.51 1794.88 1837.08 1876.93 1875.19 1818.46 1735.97 1642.64 1615.50 1672.29 1658.60 1568.62 1504.91 1462.55 1387.62 1342.68 1309.98 1273.50 1182.27 1054.98 947.75 845.54 757.14 700.60 669.49 653.14 644.74 645.25 625.65 610.91 587.45 582.56 603.28 614.76 580.93 559.74 547.29 547.82
1509.20 1577.77 1520.34 1405.59 1343.95 1321.89 1251.11 1177.81 1116.36 1075.97 1061.37 1055.74 1098.09 1114.65 1128.74 1178.69 1244.16 1305.11 1356.63 1383.38 1426.60 1499.71 1558.42 1603.71 1649.07 1722.93 1814.69 1825.00 1813.90 1840.27 1864.96 1822.61 1767.34 1782.17 1818.63 1857.22 1890.04 1903.55 1823.01 1729.11 1672.22 1652.34 1666.51 1633.76 1574.47 1524.88 1409.77 1278.28 1179.56 1142.34 1173.94 1131.97 1021.84 902.62 807.99 735.70 675.17 652.78 633.49 623.04 620.94 603.19 594.74 584.97 574.29 569.81 574.94 569.98 559.65 532.92 548.00
1500.93 1498.50 1449.39 1360.26 1306.08 1304.15 1245.65 1176.76 1110.67 1077.73 1055.74 1055.07 1097.90 1123.67 1145.94 1201.01 1257.96 1315.43 1361.51 1392.33 1463.69 1533.21 1578.49 1621.35 1666.87 1740.11 1797.44 1772.25 1756.75 1799.77 1778.01 1748.42 1755.91 1799.80 1841.81 1872.40 1865.70 1840.27 1761.70 1671.91 1630.02 1642.41 1614.30 1561.75 1526.62 1506.66 1421.93 1301.55 1173.52 1071.89 1031.63 1009.98 948.50 844.57 760.82 701.67 651.96 638.72 615.63 602.58 592.35 582.14 576.84 581.06 572.98 553.53 542.61 542.24 542.73 527.63 525.42
1548.75 1479.69 1399.87 1319.91 1229.10 1228.58 1221.24 1167.01 1102.25 1077.87 1055.50 1054.51 1090.15 1128.07 1167.46 1216.99 1267.50 1328.58 1367.53 1409.12 1491.06 1555.16 1601.32 1643.29 1690.01 1743.83 1757.37 1709.92 1673.52 1689.78 1684.01 1717.82 1786.80 1843.43 1873.06 1882.60 1813.32 1684.69 1644.32 1586.15 1534.92 1574.02 1558.72 1474.47 1468.96 1402.16 1310.62 1227.57 1151.59 1056.23 955.81 900.32 848.58 781.57 721.15 683.20 668.55 655.15 631.99 605.19 579.83 565.31 564.31 579.03 571.26 554.46 531.39 524.46 520.91 507.95 498.43
1514.93 1461.03 1394.34 1296.71 1202.83 1175.13 1159.50 1122.58 1084.44 1059.46 1052.30 1070.03 1099.63 1149.43 1196.93 1231.98 1270.69 1331.92 1382.26 1428.58 1500.29 1574.34 1630.68 1670.69 1705.37 1730.78 1688.91 1633.90 1561.87 1548.39 1616.49 1705.73 1801.21 1863.80 1876.79 1876.57 1803.89 1614.66 1489.99 1447.41 1413.46 1471.14 1489.38 1413.56 1523.48 1491.63 1348.97 1261.26 1185.23 1091.77 1001.22 919.38 829.12 756.95 719.75 694.56 678.85 655.22 629.57 601.03 579.82 560.58 547.04 552.56 560.85 567.00 537.03 515.13 501.67 491.60 535.59
1500.35 1412.14 1339.59 1274.01 1247.63 1208.43 1168.94 1125.98 1069.39 1042.67 1047.59 1080.01 1116.31 1166.07 1203.96 1237.20 1275.26 1317.41 1367.70 1422.17 1481.35 1565.79 1641.70 1690.96 1710.87 1711.15 1634.20 1579.38 1497.94 1476.65 1566.61 1647.88 1710.64 1766.49 1815.92 1841.23 1802.62 1644.30 1390.15 1287.71 1325.60 1409.49 1354.73 1248.12 1446.58 1580.18 1464.39 1363.02 1286.73 1197.40 1075.33 943.39 827.48 756.07 711.61 680.47 651.67 625.32 601.17 579.46 566.12 550.49 532.03 523.82 522.96 524.27 502.36 486.01 480.35 480.68 554.85
1514.82 1363.83 1249.98 1257.63 1244.56 1180.05 1164.14 1124.35 1075.02 1038.55 1042.28 1069.52 1125.77 1182.64 1218.48 1249.40 1276.83 1312.41 1353.90 1383.68 1418.85 1493.48 1589.33 1673.00 1689.27 1647.36 1574.09 1508.66 1441.83 1400.11 1442.22 1501.74 1511.28 1546.09 1650.30 1694.40 1703.62 1547.35 1244.75 1191.44 1204.66 1301.19 1232.91 1123.36 1283.84 1459.96 1446.31 1334.84 1232.23 1150.20 1054.87 938.55 834.44 756.81 692.38 658.39 638.20 615.39 592.10 570.99 552.59 537.40 522.63 514.63 503.60 486.53 471.46 463.35 460.38 463.58 519.68
1445.31 1291.69 1188.84 1194.54 1155.05 1130.55 1139.76 1102.63 1068.46 1042.75 1067.64 1075.88 1128.89 1194.02 1234.97 1261.97 1294.61 1315.95 1314.53 1330.56 1365.35 1422.47 1507.94 1541.69 1550.61 1534.92 1525.77 1488.20 1459.69 1475.26 1392.99 1330.38 1311.70 1300.14 1320.92 1411.21 1477.30 1444.04 1252.96 1115.93 1072.20 1164.90 1143.48 1017.10 1018.65 1073.03 1215.34 1258.72 1169.55 1044.32 946.67 869.65 795.48 731.51 683.68 651.70 629.79 609.39 589.93 572.77 555.07 537.41 518.80 505.08 492.77 479.95 469.05 459.08 449.09 447.15 494.97
1330.32 1213.68 1132.69 1116.46 1097.79 1105.61 1095.49 1055.07 1031.93 1045.74 1072.92 1100.94 1162.62 1209.40 1244.02 1277.06 1326.16 1363.40 1362.37 1359.31 1396.35 1447.22 1458.75 1440.74 1468.49 1490.24 1529.88 1534.36 1525.18 1587.95 1548.64 1452.13 1421.51 1445.45 1366.59 1250.56 1254.26 1209.26 1118.57 1064.44 1035.74 1028.13 1010.58 992.69 1020.26 1034.15 978.33 1016.37 1038.72 973.82 888.58 811.69 748.77 710.44 679.47 653.37 633.14 614.33 593.35 574.40 553.59 533.75 516.79 500.17 486.00 475.49 467.13 454.64 442.51 441.76 500.13
1239.25 1150.32 1110.16 1082.66 1063.40 1047.25 1036.04 1022.50 1030.30 1063.56 1090.26 1133.91 1186.99 1233.61 1284.19 1333.05 1371.20 1414.95 1443.23 1436.03 1478.01 1481.67 1435.02 1399.93 1438.72 1511.53 1588.37 1580.69 1572.75 1659.79 1718.94 1666.63 1619.27 1638.90 1557.30 1370.45 1196.86 1143.13 1154.74 1186.62 1169.63 1129.92 1126.68 1188.87 1292.95 1240.38 1109.51 992.30 909.70 861.12 809.09 751.17 713.43 688.26 662.75 641.81 621.28 601.49 588.77 570.54 549.56 528.45 509.94 494.00 479.19 466.14 462.95 458.94 438.27 432.82 503.87
1250.44 1161.82 1117.83 1085.52 1078.86 1035.34 1016.72 1027.25 1074.56 1099.96 1121.36 1150.13 1203.35 1258.11 1318.34 1380.27 1416.37 1453.27 1507.38 1552.47 1576.33 1517.28 1423.63 1380.45 1443.49 1530.18 1592.58 1590.84 1621.37 1722.12 1803.35 1781.37 1756.57 1764.25 1716.47 1576.01 1359.65 1324.00 1357.85 1386.51 1360.70 1281.93 1217.91 1235.57 1325.16 1303.95 1234.55 1141.02 997.31 878.90 810.08 763.06 733.39 693.50 644.94 621.44 601.18 581.04 572.82 558.40 540.53 521.27 504.19 486.92 470.86 457.59 453.55 460.69 446.78 425.25 465.55
1243.37 1154.74 1095.20 1069.50 1064.17 1020.23 1018.13 1057.57 1105.76 1129.15 1168.41 1180.99 1223.46 1283.80 1347.77 1400.61 1444.97 1488.30 1554.96 1596.54 1572.68 1500.77 1430.49 1366.74 1400.06 1471.56 1517.55 1568.36 1647.36 1742.03 1787.54 1797.69 1796.95 1795.16 1768.26 1623.93 1446.99 1445.20 1443.72 1420.26 1388.21 1347.40 1316.52 1283.68 1204.50 1157.21 1131.08 1104.56 1021.60 911.69 831.15 808.69 789.65 721.02 641.20 601.89 579.92 562.32 552.51 539.63 523.99 509.68 495.54 480.63 464.71 450.74 439.76 437.06 436.70 420.89 419.34
1182.89 1109.29 1060.07 1033.88 1015.49 1012.56 1034.38 1053.09 1075.03 1133.43 1203.82 1221.27 1244.53 1305.29 1369.05 1414.01 1459.93 1516.98 1586.34 1561.81 1486.58 1449.79 1435.86 1408.52 1324.79 1378.57 1464.89 1520.34 1589.15 1671.99 1733.23 1817.50 1827.14 1800.89 1753.41 1599.54 1485.10 1468.57 1488.90 1483.87 1478.08 1459.59 1435.47 1445.78 1317.18 1179.14 1075.78 995.18 934.90 873.11 809.10 784.98 779.12 749.50 682.49 606.31 570.27 552.65 535.44 523.94 507.99 494.64 483.99 471.26 459.61 447.14 432.32 421.30 417.09 414.77 401.83
1120.37 1062.18 1031.24 1004.70 998.05 1033.88 1054.44 1037.19 1077.28 1149.67 1221.49 1252.81 1275.13 1335.17 1389.30 1427.89 1461.24 1507.03 1567.03 1527.71 1439.57 1390.62 1412.16 1449.67 1311.85 1366.21 1443.92 1411.50 1469.41 1560.75 1692.16 1829.70 1845.07 1803.55 1746.82 1619.92 1535.22 1527.08 1516.21 1457.92 1442.26 1432.78 1399.44 1502.04 1417.13 1287.69 1155.34 1011.91 884.00 836.09 803.52 759.88 740.02 738.24 718.44 636.67 583.58 549.15 525.61 514.59 495.63 481.80 472.59 459.80 447.12 441.86 433.00 418.73 406.00 408.19 404.65
1062.55 1029.94 1012.02 996.27 1002.38 1045.53 1077.47 1090.05 1135.32 1174.64 1216.44 1256.35 1301.76 1349.95 1400.13 1431.10 1443.25 1450.71 1486.81 1460.99 1403.23 1362.09 1376.98 1410.31 1317.99 1322.17 1369.39 1324.38 1424.28 1516.84 1681.90 1822.54 1849.08 1811.29 1777.66 1689.95 1598.98 1542.57 1454.64 1336.25 1258.83 1234.57 1204.37 1312.39 1303.08 1205.49 1112.22 986.93 871.15 808.87 778.98 761.44 737.03 707.60 697.96 660.58 618.87 571.97 534.67 513.48 483.92 467.11 458.76 447.38 434.97 428.99 429.11 419.20 404.98 393.77 394.25
1041.43 1025.44 1011.86 995.62 1005.18 1022.70 1079.30 1132.53 1150.85 1161.53 1191.83 1248.80 1305.36 1348.94 1383.43 1408.31 1397.25 1377.40 1400.86 1393.67 1371.93 1371.94 1341.41 1316.99 1297.46 1245.02 1271.02 1325.81 1458.59 1550.16 1677.08 1776.04 1799.05 1767.52 1739.59 1713.02 1674.70 1628.14 1522.72 1393.17 1291.84 1223.91 1200.47 1121.66 1112.61 1059.81 989.54 895.05 832.32 794.46 754.37 721.04 716.47 710.30 679.46 646.96 640.80 654.56 593.86 543.82 488.52 462.96 449.18 437.19 427.35 416.40 409.69 403.56 398.20 389.35 376.62
1058.12 1041.35 1016.57 990.99 988.04 1008.85 1065.95 1113.29 1128.63 1161.17 1204.20 1253.66 1309.09 1362.34 1396.44 1437.82 1440.41 1395.17 1361.36 1343.37 1334.09 1362.08 1368.87 1299.57 1263.42 1196.70 1207.54 1314.44 1454.37 1571.29 1665.43 1672.98 1632.99 1644.65 1651.56 1651.43 1603.48 1549.67 1503.18 1513.55 1487.79 1450.00 1483.54 1333.95 1122.61 1015.31 913.05 843.94 805.33 770.73 735.39 699.25 676.88 669.10 666.61 654.74 616.64 670.42 658.28 605.65 534.12 493.04 458.35 435.88 421.50 410.14 398.79 389.90 383.81 377.89 372.03
1049.08 1024.91 998.27 984.58 1002.88 1038.70 1065.07 1102.96 1132.03 1172.16 1214.88 1262.35 1315.64 1367.46 1425.68 1503.06 1525.28 1477.10 1410.74 1356.69 1327.71 1311.49 1314.70 1355.18 1345.69 1206.81 1179.04 1278.25 1412.37 1565.45 1654.88 1574.23 1455.54 1447.57 1523.50 1472.57 1424.12 1469.71 1524.77 1474.47 1433.50 1450.97 1509.06 1432.97 1246.60 1078.97 936.47 858.97 800.67 751.38 709.96 685.86 663.30 635.75 614.72 625.47 598.99 627.04 642.34 661.55 625.15 575.95 506.59 462.02 430.94 412.05 396.48 382.29 371.55 368.69 386.10
1024.70 994.59 982.19 981.49 1022.28 1055.93 1082.01 1119.23 1141.08 1175.05 1220.84 1267.26 1312.69 1368.76 1452.07 1504.37 1496.68 1455.42 1403.40 1368.39 1346.70 1332.74 1274.19 1235.84 1275.76 1163.21 1165.22 1308.81 1482.51 1598.45 1580.25 1481.99 1299.72 1276.21 1429.21 1332.27 1218.00 1250.58 1348.47 1336.44 1299.91 1253.88 1268.91 1246.89 1146.44 981.55 884.05 845.10 787.14 713.43 658.38 628.39 617.24 602.31 595.17 587.06 567.28 587.30 601.26 673.59 680.16 649.12 595.52 532.46 491.18 446.03 405.15 374.10 358.49 375.65 413.99
1000.77 981.31 976.31 982.61 1015.77 1058.28 1089.39 1124.28 1155.80 1190.33 1224.19 1259.24 1311.91 1394.02 1471.60 1442.56 1393.66 1383.71 1377.87 1366.01 1373.42 1373.83 1330.65 1201.47 1162.99 1118.08 1214.61 1369.06 1525.62 1549.13 1456.88 1410.30 1229.75 1156.72 1307.86 1224.92 1089.16 1095.52 1157.55 1183.43 1297.72 1329.98 1209.42 1037.65 952.37 874.96 796.10 760.20 734.09 673.10 651.09 667.81 647.22 605.84 579.28 558.62 552.00 545.77 562.33 602.27 600.58 590.40 570.04 525.43 502.24 455.12 413.22 366.97 360.41 398.46 403.83
982.67 975.53 973.55 979.96 1002.97 1048.61 1088.38 1134.54 1182.66 1221.99 1249.40 1277.76 1344.84 1450.07 1494.77 1442.09 1377.00 1338.15 1327.97 1315.11 1291.71 1260.24 1239.21 1179.36 1109.21 1121.12 1273.95 1422.81 1543.75 1537.15 1385.90 1248.96 1114.78 1053.03 1156.59 1140.22 1038.76 1037.19 1050.16 1122.54 1319.87 1345.03 1242.50 1024.37 839.42 771.64 742.25 688.08 663.15 621.98 655.46 746.10 737.06 669.00 626.33 567.48 533.22 519.36 522.31 571.64 534.74 510.20 523.67 481.65 451.03 437.93 398.97 361.22 386.53 446.52 442.06
973.72 972.39 970.10 981.39 1011.38 1055.44 1101.27 1156.05 1217.48 1266.78 1300.78 1339.08 1412.07 1498.44 1528.14 1503.24 1436.74 1370.51 1343.50 1343.55 1326.31 1307.30 1289.49 1252.61 1120.41 1130.76 1307.59 1454.03 1559.73 1512.82 1342.31 1160.65 1023.81 979.17 1053.22 1083.75 1019.22 976.33 1001.25 1049.00 1234.16 1221.20 1126.71 985.09 807.04 719.15 689.94 646.94 617.60 592.17 623.16 707.38 714.44 655.18 615.46 595.21 573.15 526.48 495.98 552.13 532.01 472.00 470.31 444.16 418.62 407.94 380.48 350.00 375.67 477.82 508.83
